26.3,26.3
52.6,26.3
78.9,26.3
105.2,26.3
131.5,26.3
157.8,26.3
184.1,26.3
210.4,26.3
236.7,26.3
263,26.3
289.3,26.3
315.6,26.3
341.9,26.3
60.49,52.6
86.79,52.6
113.09,52.6
139.39,52.6
165.69,52.6
191.99,52.6
218.29,52.6
244.59,52.6
270.89,52.6
297.19,52.6
323.49,52.6
349.79,52.6
376.09,52.6
68.38,78.9
94.68,78.9
120.98,78.9
147.28,78.9
173.58,78.9
199.88,78.9
226.18,78.9
252.48,78.9
278.78,78.9
305.08,78.9
331.38,78.9
84.16,105.2
110.46,105.2
136.76,105.2
163.06,105.2
189.36,105.2
215.66,105.2
241.96,105.2
268.26,105.2
294.56,105.2
320.86,105.2